[ESTRUCTURA]
[INFO]
2,1
[META]
[/META]
[REJILLA]
20,10,32,32,8,8,0
[CELDAS]
0,0,1 1,0,1 2,0,1 3,0,1 4,0,1 5,0,1 6,0,1 7,0,1 8,0,1 9,0,1 10,0,1 11,0,1 12,0,1 13,0,1 14,0,1 15,0,1 16,0,1 17,0,1 18,0,1 19,0,1 0,1,1 4,1,1 7,1,1 12,1,1 15,1,1 19,1,1 0,2,1 19,2,1 0,3,1 19,3,1 0,4,1 19,4,1 0,5,1 19,5,1 0,6,1 2,6,2 3,6,1 4,6,2 5,6,2 6,6,2 7,6,2 8,6,2 9,6,2 10,6,2 11,6,2 12,6,2 13,6,2 14,6,2 15,6,2 16,6,1 17,6,2 19,6,1 0,7,1 19,7,1 0,8,1 1,8,3 2,8,3 3,8,3 4,8,3 5,8,3 6,8,3 7,8,3 8,8,3 9,8,3 10,8,3 11,8,3 12,8,3 13,8,3 14,8,3 15,8,3 16,8,3 17,8,3 18,8,3 19,8,1 0,9,1 1,9,1 2,9,1 3,9,1 4,9,1 5,9,1 6,9,1 7,9,1 8,9,1 9,9,1 10,9,1 11,9,1 12,9,1 13,9,1 14,9,1 15,9,1 16,9,1 17,9,1 18,9,1 19,9,1
[REJILLA]
20,10,32,32,8,8,1
[CELDAS]
0,0,23 1,0,8 2,0,8 3,0,8 4,0,24 5,0,8 6,0,8 7,0,24 8,0,8 9,0,8 10,0,8 11,0,8 12,0,24 13,0,8 14,0,8 15,0,24 16,0,8 17,0,8 18,0,8 19,0,25 0,1,6 4,1,15 7,1,15 12,1,15 15,1,15 19,1,4 0,2,6 19,2,4 0,3,6 19,3,4 0,4,6 19,4,4 0,5,6 19,5,4 0,6,6 2,6,54 3,6,16 4,6,50 5,6,51 6,6,51 7,6,51 8,6,51 9,6,51 10,6,51 11,6,51 12,6,51 13,6,51 14,6,51 15,6,52 16,6,16 17,6,54 19,6,4 0,7,6 19,7,4 0,8,6 1,8,42 2,8,42 3,8,42 4,8,42 5,8,42 6,8,42 7,8,42 8,8,42 9,8,42 10,8,42 11,8,42 12,8,42 13,8,42 14,8,42 15,8,42 16,8,42 17,8,42 18,8,42 19,8,4 0,9,29 1,9,2 2,9,2 3,9,2 4,9,2 5,9,2 6,9,2 7,9,2 8,9,2 9,9,2 10,9,2 11,9,2 12,9,2 13,9,2 14,9,2 15,9,2 16,9,2 17,9,2 18,9,2 19,9,31
[LOGICA]
0
[OBJETOS]
100,96,160
101,512,160,5,0
5,602,173,5000,270,300
5,142,64,2500,0,400
5,238,64,2500,0,400
5,398,64,2500,0,400
5,493,64,2500,0,400
[/ESTRUCTURA]
