[ESTRUCTURA]
[INFO]
2,1
[META]
[/META]
[REJILLA]
12,15,32,32,8,8,0
[CELDAS]
0,0,1 1,0,1 2,0,1 3,0,1 4,0,1 5,0,1 6,0,1 7,0,1 8,0,1 9,0,1 10,0,1 11,0,1 0,1,1 11,1,1 0,2,1 11,2,1 0,3,1 1,3,2 8,3,2 9,3,2 10,3,2 11,3,1 0,4,1 11,4,1 0,5,1 11,5,1 0,6,1 1,6,2 11,6,1 0,7,1 8,7,1 9,7,1 10,7,1 11,7,1 0,8,1 11,8,1 0,9,1 11,9,1 0,10,1 11,10,1 0,11,1 8,11,2 9,11,2 10,11,2 11,11,1 0,12,1 11,12,1 0,13,1 1,13,3 2,13,3 3,13,3 4,13,3 5,13,3 6,13,3 7,13,3 8,13,3 9,13,3 10,13,3 11,13,1 0,14,1 1,14,1 2,14,1 3,14,1 4,14,1 5,14,1 6,14,1 7,14,1 8,14,1 9,14,1 10,14,1 11,14,1
[REJILLA]
12,15,32,32,8,8,1
[CELDAS]
0,0,23 1,0,8 2,0,8 3,0,8 4,0,8 5,0,8 6,0,8 7,0,8 8,0,8 9,0,8 10,0,8 11,0,25 0,1,6 11,1,4 0,2,6 11,2,4 0,3,6 1,3,52 8,3,50 9,3,51 10,3,52 11,3,4 0,4,6 11,4,4 0,5,6 11,5,4 0,6,6 1,6,52 11,6,4 0,7,6 8,7,10 9,7,11 10,7,12 11,7,4 0,8,6 11,8,4 0,9,6 11,9,4 0,10,6 11,10,4 0,11,6 8,11,50 9,11,51 10,11,52 11,11,4 0,12,6 11,12,4 0,13,6 1,13,42 2,13,42 3,13,42 4,13,42 5,13,42 6,13,42 7,13,42 8,13,42 9,13,42 10,13,42 11,13,4 0,14,29 1,14,2 2,14,2 3,14,2 4,14,2 5,14,2 6,14,2 7,14,2 8,14,2 9,14,2 10,14,2 11,14,31
[LOGICA]
0
[OBJETOS]
100,288,192
101,288,320,4,0
101,288,64,6,0
10,145,224,4000,2000,1
2,152,199,1
4,33,162,5000,100
10,64,96,3000,5000,1
10,96,96,3000,5000,1
10,128,96,3000,5000,1
10,160,96,3000,5000,1
10,192,96,3000,5000,1
10,224,96,3000,5000,1
5,205,32,8000,0,500
5,109,32,8000,0,6000
[/ESTRUCTURA]
