[ESTRUCTURA]
[INFO]
2,1
[META]
[/META]
[REJILLA]
46,18,32,32,8,8,0
[CELDAS]
0,0,1 12,0,1 13,0,1 14,0,1 15,0,1 16,0,1 17,0,1 18,0,1 19,0,1 20,0,1 21,0,1 22,0,1 23,0,1 24,0,1 25,0,1 26,0,1 27,0,1 28,0,1 29,0,1 30,0,1 45,0,1 0,1,1 16,1,1 45,1,1 0,2,1 16,2,1 45,2,1 0,3,1 4,3,4 16,3,1 17,3,1 18,3,1 19,3,1 20,3,2 23,3,2 26,3,2 45,3,1 0,4,1 1,4,1 2,4,1 3,4,2 7,4,2 12,4,1 16,4,1 29,4,2 40,4,1 41,4,2 42,4,2 43,4,2 44,4,2 45,4,1 0,5,1 12,5,1 16,5,1 35,5,2 36,5,2 40,5,1 45,5,1 0,6,1 12,6,1 44,6,2 45,6,1 0,7,1 12,7,1 16,7,4 27,7,4 31,7,2 32,7,2 45,7,1 0,8,1 1,8,1 2,8,1 3,8,2 12,8,1 13,8,1 14,8,1 15,8,1 16,8,1 17,8,1 18,8,1 19,8,1 20,8,1 21,8,1 22,8,1 23,8,2 24,8,2 25,8,2 26,8,1 27,8,1 28,8,1 40,8,1 43,8,2 44,8,2 45,8,1 0,9,1 26,9,1 28,9,1 29,9,3 30,9,3 31,9,3 32,9,3 33,9,3 34,9,3 35,9,3 36,9,3 37,9,3 38,9,3 39,9,3 40,9,1 45,9,1 0,10,1 5,10,1 26,10,1 28,10,1 29,10,1 30,10,1 31,10,1 32,10,1 33,10,1 34,10,1 35,10,1 36,10,1 37,10,1 38,10,1 39,10,1 40,10,1 41,10,1 42,10,1 43,10,1 44,10,1 45,10,1 0,11,1 25,11,2 26,11,1 0,12,1 26,12,1 0,13,1 12,13,2 13,13,2 16,13,2 17,13,2 20,13,2 21,13,2 24,13,2 25,13,2 26,13,1 27,13,1 28,13,1 29,13,1 30,13,1 31,13,1 32,13,1 33,13,1 34,13,1 35,13,1 36,13,1 37,13,1 38,13,1 39,13,1 40,13,1 0,14,1 9,14,1 26,14,1 40,14,1 0,15,1 25,15,2 40,15,1 0,16,1 6,16,1 12,16,1 13,16,3 14,16,3 15,16,3 16,16,3 17,16,3 18,16,3 19,16,3 20,16,3 21,16,1 27,16,4 40,16,1 0,17,1 1,17,1 2,17,1 3,17,1 4,17,1 5,17,1 6,17,1 7,17,1 8,17,1 9,17,1 10,17,1 11,17,1 12,17,1 13,17,1 14,17,1 15,17,1 16,17,1 17,17,1 18,17,1 19,17,1 20,17,1 21,17,1 22,17,1 23,17,1 24,17,1 25,17,1 26,17,1 27,17,1 28,17,1 29,17,1 30,17,1 31,17,1 32,17,1 33,17,1 34,17,1 35,17,1 36,17,1 37,17,1 38,17,1 39,17,1 40,17,1
[REJILLA]
46,18,32,32,9,8,1
[CELDAS]
0,0,3 12,0,7 13,0,8 14,0,8 15,0,8 16,0,24 17,0,8 18,0,8 19,0,8 20,0,8 21,0,8 22,0,8 23,0,8 24,0,8 25,0,8 26,0,8 27,0,8 28,0,8 29,0,8 30,0,9 45,0,4 0,1,6 16,1,14 45,1,4 0,2,6 16,2,14 45,2,4 0,3,6 16,3,14 17,3,11 18,3,11 19,3,12 20,3,54 23,3,54 26,3,54 45,3,4 0,4,26 1,4,11 2,4,12 3,4,52 7,4,54 12,4,13 16,4,14 29,4,54 40,4,13 41,4,51 42,4,51 43,4,51 44,4,51 45,4,4 0,5,6 12,5,14 16,5,15 35,5,50 36,5,52 40,5,15 45,5,4 0,6,6 12,6,14 44,6,50 45,6,4 0,7,6 12,7,14 31,7,50 32,7,52 45,7,4 0,8,26 1,8,11 2,8,12 3,8,52 12,8,20 13,8,11 14,8,11 15,8,11 16,8,11 17,8,11 18,8,11 19,8,11 20,8,11 21,8,11 22,8,12 23,8,51 24,8,51 25,8,51 26,8,13 27,8,2 28,8,3 40,8,13 43,8,50 44,8,51 45,8,4 0,9,6 26,9,14 27,9,53 28,9,6 29,9,42 30,9,42 31,9,42 32,9,42 33,9,42 34,9,42 35,9,42 36,9,42 37,9,42 38,9,42 39,9,42 40,9,14 45,9,4 0,10,6 5,10,16 26,10,14 27,10,53 28,10,29 29,10,2 30,10,2 31,10,2 32,10,2 33,10,2 34,10,2 35,10,2 36,10,2 37,10,2 38,10,2 39,10,2 40,10,30 41,10,2 42,10,2 43,10,2 44,10,2 45,10,31 0,11,6 25,11,50 26,11,14 27,11,53 28,11,53 29,11,53 30,11,53 31,11,53 32,11,53 33,11,53 34,11,53 35,11,53 36,11,53 37,11,53 38,11,53 39,11,53 40,11,53 41,11,53 42,11,53 43,11,53 44,11,53 45,11,53 0,12,6 26,12,14 27,12,53 28,12,53 29,12,53 30,12,53 31,12,53 32,12,53 33,12,53 34,12,53 35,12,53 36,12,53 37,12,53 38,12,53 39,12,53 40,12,53 41,12,53 42,12,53 43,12,53 44,12,53 45,12,53 0,13,6 12,13,50 13,13,52 16,13,50 17,13,52 20,13,50 21,13,52 24,13,50 25,13,51 26,13,14 27,13,8 28,13,8 29,13,8 30,13,8 31,13,8 32,13,8 33,13,8 34,13,8 35,13,8 36,13,8 37,13,8 38,13,8 39,13,8 40,13,25 41,13,53 42,13,53 43,13,53 44,13,53 45,13,53 0,14,6 9,14,16 26,14,15 40,14,4 41,14,53 42,14,53 43,14,53 44,14,53 45,14,53 0,15,6 25,15,54 40,15,4 41,15,53 42,15,53 43,15,53 44,15,53 45,15,53 0,16,6 6,16,13 12,16,13 13,16,42 14,16,42 15,16,42 16,16,42 17,16,42 18,16,42 19,16,42 20,16,42 21,16,13 40,16,4 41,16,53 42,16,53 43,16,53 44,16,53 45,16,53 0,17,29 1,17,2 2,17,2 3,17,2 4,17,2 5,17,2 6,17,30 7,17,2 8,17,2 9,17,2 10,17,2 11,17,2 12,17,30 13,17,2 14,17,2 15,17,2 16,17,2 17,17,2 18,17,2 19,17,2 20,17,2 21,17,30 22,17,2 23,17,2 24,17,2 25,17,2 26,17,2 27,17,2 28,17,2 29,17,2 30,17,2 31,17,2 32,17,2 33,17,2 34,17,2 35,17,2 36,17,2 37,17,2 38,17,2 39,17,2 40,17,31 41,17,53 42,17,53 43,17,53 44,17,53 45,17,53
[LOGICA]
0
[OBJETOS]
100,64,512
101,1344,96,2,0
1,832,480
1,832,512
1,1280,192
1,1280,224
2,40,112,3
2,40,240,2
2,72,240,1
2,551,80,1
2,615,80,1
2,712,528,1
2,776,528,1
2,936,488,2
2,1064,488,2
2,1160,489,2
2,1319,304,3
2,1416,304,3
2,1416,176,4
2,712,329,4
2,1256,528,4
3,64,98,60,100
3,297,514,-100,100
3,972,514,-100,100
3,1130,514,150,100
3,682,226,-180,100
4,537,386,4000,100
4,394,98,5000,100
4,1385,226,3000,100
10,224,384,4000,2000,1
10,448,192,2000,2000,1
10,448,128,2000,2000,0
[/ESTRUCTURA]
