[ESTRUCTURA]
[INFO]
2,1
[META]
title:22
[/META]
[REJILLA]
14,18,32,32,8,8,0
[CELDAS]
0,0,1 1,0,1 2,0,1 3,0,1 4,0,1 5,0,1 6,0,1 7,0,1 8,0,1 9,0,1 10,0,1 11,0,1 12,0,1 13,0,1 0,1,1 13,1,1 0,2,1 13,2,1 0,3,1 4,3,2 7,3,2 8,3,1 9,3,1 10,3,1 13,3,1 0,4,1 13,4,1 0,5,1 13,5,1 0,6,1 1,6,1 2,6,1 13,6,1 0,7,1 1,7,1 2,7,1 6,7,1 13,7,1 0,8,1 1,8,1 2,8,1 6,8,1 7,8,1 13,8,1 0,9,1 1,9,1 2,9,1 3,9,3 4,9,3 5,9,3 6,9,1 7,9,1 8,9,1 13,9,1 0,10,1 1,10,1 2,10,1 3,10,1 4,10,1 5,10,1 6,10,1 7,10,1 8,10,1 9,10,1 11,10,2 13,10,1 0,11,1 13,11,1 0,12,1 13,12,1 0,13,1 11,13,2 13,13,1 0,14,1 1,14,2 2,14,2 3,14,2 13,14,1 0,15,1 13,15,1 0,16,1 5,16,4 6,16,3 7,16,3 8,16,4 13,16,1 0,17,1 1,17,1 2,17,1 3,17,1 4,17,1 5,17,1 6,17,1 7,17,1 8,17,1 9,17,1 10,17,1 11,17,1 12,17,1 13,17,1
[REJILLA]
14,18,32,32,8,8,1
[CELDAS]
0,0,23 1,0,8 2,0,8 3,0,8 4,0,8 5,0,8 6,0,8 7,0,8 8,0,8 9,0,8 10,0,8 11,0,8 12,0,8 13,0,25 0,1,6 13,1,4 0,2,6 13,2,4 0,3,6 4,3,54 7,3,54 8,3,10 9,3,11 10,3,12 13,3,4 0,4,6 13,4,4 0,5,6 13,5,4 0,6,29 1,6,2 2,6,3 13,6,4 0,7,53 1,7,53 2,7,6 6,7,13 13,7,4 0,8,53 1,8,53 2,8,6 6,8,14 7,8,3 13,8,4 0,9,53 1,9,53 2,9,6 3,9,42 4,9,42 5,9,42 6,9,15 7,9,29 8,9,3 13,9,4 0,10,23 1,10,8 2,10,45 3,10,11 4,10,11 5,10,11 6,10,12 7,10,8 8,10,45 9,10,12 11,10,54 13,10,4 0,11,6 13,11,4 0,12,6 13,12,4 0,13,6 11,13,54 13,13,4 0,14,6 1,14,50 2,14,51 3,14,52 13,14,4 0,15,6 13,15,4 0,16,6 6,16,42 7,16,42 13,16,4 0,17,29 1,17,2 2,17,2 3,17,2 4,17,2 5,17,2 6,17,2 7,17,2 8,17,2 9,17,2 10,17,2 11,17,2 12,17,2 13,17,31
[LOGICA]
0
[OBJETOS]
100,64,416
101,288,64,5,0
2,217,426,2
3,106,514,-80,100
3,345,514,80,100
2,41,528,1
10,384,480,3000,3000,1
[/ESTRUCTURA]
