[ESTRUCTURA]
[INFO]
2,1
[META]
[/META]
[REJILLA]
13,13,32,32,8,8,0
[CELDAS]
0,0,1 1,0,1 2,0,1 3,0,1 4,0,1 5,0,1 6,0,1 7,0,1 8,0,1 9,0,1 10,0,1 11,0,1 12,0,1 0,1,1 12,1,1 0,2,1 12,2,1 0,3,1 2,3,4 12,3,1 0,4,1 3,4,1 4,4,1 5,4,1 6,4,1 7,4,1 8,4,1 9,4,1 10,4,1 11,4,1 12,4,1 0,5,1 3,5,1 12,5,1 0,6,1 3,6,1 4,6,4 12,6,1 0,7,1 3,7,1 5,7,2 6,7,2 7,7,2 8,7,1 9,7,2 10,7,2 11,7,2 12,7,1 0,8,1 3,8,1 8,8,1 12,8,1 0,9,1 3,9,1 4,9,1 5,9,1 6,9,1 7,9,1 8,9,1 9,9,2 10,9,2 11,9,2 12,9,1 0,10,1 12,10,1 0,11,1 12,11,1 0,12,1 1,12,1 2,12,1 3,12,1 4,12,1 5,12,1 6,12,1 7,12,1 8,12,1 9,12,1 10,12,1 11,12,1 12,12,1
[REJILLA]
13,13,32,32,8,8,1
[CELDAS]
0,0,23 1,0,8 2,0,8 3,0,8 4,0,8 5,0,8 6,0,8 7,0,8 8,0,8 9,0,8 10,0,8 11,0,8 12,0,25 0,1,6 12,1,4 0,2,6 12,2,4 0,3,6 12,3,4 0,4,6 3,4,17 4,4,11 5,4,11 6,4,11 7,4,11 8,4,11 9,4,11 10,4,11 11,4,11 12,4,28 0,5,6 3,5,14 12,5,4 0,6,6 3,6,14 12,6,4 0,7,6 3,7,14 5,7,50 6,7,51 7,7,52 8,7,13 9,7,50 10,7,51 11,7,52 12,7,4 0,8,6 3,8,14 8,8,14 12,8,4 0,9,6 3,9,20 4,9,11 5,9,11 6,9,11 7,9,11 8,9,22 9,9,50 10,9,51 11,9,52 12,9,4 0,10,6 12,10,4 0,11,6 12,11,4 0,12,29 1,12,2 2,12,2 3,12,2 4,12,2 5,12,2 6,12,2 7,12,2 8,12,2 9,12,2 10,12,2 11,12,2 12,12,31
[LOGICA]
0
[OBJETOS]
100,288,96
101,224,256,0,0
2,360,112,1
2,40,169,1
2,72,265,1
2,361,169,1
3,106,98,70,100
3,265,194,70,100
5,45,32,3000,0,400
5,78,32,3000,0,400
5,32,333,3000,90,400
5,32,365,3000,90,400
5,301,378,3000,180,400
5,365,378,300,180,400
[/ESTRUCTURA]
