[ESTRUCTURA]
[INFO]
2,1
[META]
title:100
[/META]
[REJILLA]
24,18,32,32,8,8,0
[CELDAS]
0,0,1 1,0,1 2,0,1 3,0,1 4,0,1 5,0,1 6,0,1 7,0,1 8,0,1 9,0,1 10,0,1 11,0,1 12,0,1 13,0,1 14,0,1 15,0,1 16,0,1 17,0,1 18,0,1 19,0,1 20,0,1 21,0,1 22,0,1 23,0,1 0,1,1 23,1,1 0,2,1 23,2,1 0,3,1 23,3,1 0,4,1 23,4,1 0,5,1 23,5,1 0,6,1 23,6,1 0,7,1 9,7,2 10,7,1 11,7,1 12,7,1 13,7,1 14,7,2 23,7,1 0,8,1 23,8,1 0,9,1 23,9,1 0,10,1 1,10,1 2,10,1 3,10,2 8,10,2 9,10,2 14,10,2 15,10,2 20,10,2 21,10,1 22,10,1 23,10,1 0,11,1 23,11,1 0,12,1 5,12,2 6,12,1 7,12,2 16,12,2 17,12,1 18,12,2 23,12,1 0,13,1 1,13,2 2,13,2 21,13,2 22,13,2 23,13,1 0,14,1 23,14,1 0,15,1 1,15,2 2,15,2 9,15,1 10,15,1 11,15,1 12,15,1 13,15,1 14,15,1 21,15,2 22,15,2 23,15,1 0,16,1 23,16,1 0,17,1 1,17,1 2,17,1 3,17,1 4,17,1 5,17,1 6,17,1 7,17,1 8,17,1 9,17,1 10,17,1 11,17,1 12,17,1 13,17,1 14,17,1 15,17,1 16,17,1 17,17,1 18,17,1 19,17,1 20,17,1 21,17,1 22,17,1 23,17,1
[REJILLA]
24,18,32,32,8,8,1
[CELDAS]
0,0,23 1,0,8 2,0,8 3,0,8 4,0,8 5,0,8 6,0,8 7,0,8 8,0,8 9,0,8 10,0,8 11,0,8 12,0,8 13,0,8 14,0,8 15,0,8 16,0,8 17,0,8 18,0,8 19,0,8 20,0,8 21,0,8 22,0,8 23,0,25 0,1,6 23,1,4 0,2,6 23,2,4 0,3,6 23,3,4 0,4,6 23,4,4 0,5,6 23,5,4 0,6,6 23,6,4 0,7,6 9,7,50 10,7,10 11,7,11 12,7,11 13,7,12 14,7,52 23,7,4 0,8,6 23,8,4 0,9,6 23,9,4 0,10,26 1,10,11 2,10,12 3,10,52 8,10,50 9,10,52 14,10,50 15,10,52 20,10,50 21,10,10 22,10,11 23,10,28 0,11,6 23,11,4 0,12,6 5,12,50 6,12,16 7,12,52 16,12,50 17,12,16 18,12,52 23,12,4 0,13,6 1,13,51 2,13,52 21,13,50 22,13,51 23,13,4 0,14,6 23,14,4 0,15,6 1,15,51 2,15,52 9,15,10 10,15,11 11,15,11 12,15,11 13,15,11 14,15,12 21,15,50 22,15,51 23,15,4 0,16,6 23,16,4 0,17,29 1,17,2 2,17,2 3,17,2 4,17,2 5,17,2 6,17,2 7,17,2 8,17,2 9,17,2 10,17,2 11,17,2 12,17,2 13,17,2 14,17,2 15,17,2 16,17,2 17,17,2 18,17,2 19,17,2 20,17,2 21,17,2 22,17,2 23,17,31 2,8,55 21,8,56 11,5,57 12,5,58
[LOGICA]
0
[OBJETOS]
100,369,448
101,64,288,1,1
101,672,288,3,1
101,369,192,4,1
[/ESTRUCTURA]
