[ESTRUCTURA]
[INFO]
2,1
[META]
[/META]
[REJILLA]
24,48,32,32,8,8,0
[CELDAS]
0,0,1 23,0,1 0,1,1 23,1,1 0,2,1 23,2,1 0,3,1 23,3,1 0,4,1 11,4,2 12,4,2 23,4,1 0,5,1 10,5,4 13,5,4 23,5,1 0,6,1 5,6,1 11,6,1 12,6,1 18,6,1 23,6,1 0,7,1 23,7,1 0,8,1 1,8,2 23,8,1 0,9,1 23,9,1 0,10,1 4,10,2 23,10,1 0,11,1 1,11,3 2,11,3 3,11,3 4,11,3 5,11,4 11,11,4 12,11,4 23,11,1 0,12,1 1,12,1 2,12,1 3,12,1 4,12,1 5,12,1 6,12,1 7,12,1 8,12,1 9,12,1 10,12,1 11,12,1 12,12,1 13,12,1 14,12,1 15,12,1 16,12,1 17,12,1 18,12,1 19,12,1 20,12,1 21,12,2 22,12,2 23,12,1 0,13,1 17,13,3 18,13,3 19,13,3 20,13,3 23,13,1 0,14,1 23,14,1 0,15,1 23,15,1 0,16,1 22,16,2 23,16,1 0,17,1 9,17,2 15,17,2 23,17,1 0,18,1 23,18,1 0,19,1 20,19,1 21,19,1 22,19,1 23,19,1 0,20,1 5,20,1 20,20,1 23,20,1 0,21,1 5,21,1 6,21,3 7,21,3 8,21,3 9,21,3 10,21,3 11,21,3 12,21,3 13,21,3 14,21,3 15,21,3 16,21,3 17,21,3 18,21,3 19,21,3 20,21,1 23,21,1 0,22,1 1,22,2 2,22,2 3,22,1 4,22,1 5,22,1 6,22,1 7,22,1 8,22,1 9,22,1 10,22,1 11,22,1 12,22,1 13,22,1 14,22,1 15,22,1 16,22,1 17,22,1 18,22,1 19,22,1 20,22,1 21,22,1 22,22,1 23,22,1 0,23,1 23,23,1 0,24,1 1,24,2 23,24,1 0,25,1 9,25,2 23,25,1 0,26,1 1,26,2 23,26,1 0,27,1 23,27,1 0,28,1 3,28,1 4,28,3 5,28,3 6,28,3 7,28,3 8,28,3 9,28,1 12,28,1 13,28,3 14,28,3 15,28,3 16,28,3 17,28,3 18,28,1 23,28,1 0,29,1 3,29,1 4,29,1 5,29,1 6,29,1 7,29,1 8,29,1 9,29,1 12,29,1 13,29,1 14,29,1 15,29,1 16,29,1 17,29,1 18,29,1 22,29,2 23,29,1 0,30,1 3,30,1 9,30,1 12,30,1 18,30,1 23,30,1 0,31,1 3,31,1 9,31,1 12,31,1 18,31,1 19,31,2 23,31,1 0,32,1 3,32,1 18,32,1 23,32,1 0,33,1 3,33,1 18,33,1 22,33,2 23,33,1 0,34,1 23,34,1 0,35,1 3,35,4 9,35,4 10,35,3 11,35,3 12,35,4 18,35,4 23,35,1 0,36,1 3,36,1 4,36,1 5,36,1 6,36,1 7,36,1 8,36,1 9,36,1 10,36,1 11,36,1 12,36,1 13,36,1 14,36,1 15,36,1 16,36,1 17,36,1 18,36,1 19,36,1 20,36,1 21,36,1 22,36,1 23,36,1 0,37,1 23,37,1 0,38,1 1,38,2 2,38,2 23,38,1 0,39,1 23,39,1 0,40,1 23,40,1 0,41,1 1,41,2 2,41,2 8,41,2 18,41,2 23,41,1 0,42,1 23,42,1 0,43,1 3,43,3 4,43,3 5,43,3 6,43,3 7,43,3 8,43,3 9,43,3 10,43,3 11,43,3 12,43,3 13,43,3 14,43,3 15,43,3 16,43,3 17,43,3 23,43,1 0,44,1 1,44,2 2,44,2 3,44,1 4,44,1 5,44,1 6,44,1 7,44,1 8,44,1 9,44,1 10,44,1 11,44,1 12,44,1 13,44,1 14,44,1 15,44,1 16,44,1 17,44,1 18,44,1 21,44,2 22,44,2 23,44,1 0,45,1 23,45,1 0,46,1 23,46,1 0,47,1 1,47,1 2,47,1 3,47,1 4,47,1 5,47,1 6,47,1 7,47,1 8,47,1 9,47,1 10,47,1 11,47,1 12,47,1 13,47,1 14,47,1 15,47,1 16,47,1 17,47,1 18,47,1 19,47,1 20,47,1 21,47,1 22,47,1 23,47,1
[REJILLA]
24,48,32,32,8,8,1
[CELDAS]
0,0,6 23,0,4 0,1,6 23,1,4 0,2,6 23,2,4 0,3,6 23,3,4 0,4,6 11,4,50 12,4,52 23,4,4 0,5,6 23,5,4 0,6,6 5,6,16 11,6,10 12,6,12 18,6,16 23,6,4 0,7,6 23,7,4 0,8,6 1,8,52 23,8,4 0,9,6 23,9,4 0,10,6 4,10,54 23,10,4 0,11,6 1,11,42 2,11,42 3,11,42 4,11,42 23,11,4 0,12,6 1,12,10 2,12,11 3,12,11 4,12,11 5,12,11 6,12,11 7,12,11 8,12,11 9,12,11 10,12,11 11,12,11 12,12,11 13,12,11 14,12,11 15,12,11 16,12,11 17,12,11 18,12,11 19,12,11 20,12,12 21,12,50 22,12,52 23,12,4 0,13,6 17,13,48 18,13,48 19,13,48 20,13,48 23,13,4 0,14,6 23,14,4 0,15,6 23,15,4 0,16,6 22,16,50 23,16,4 0,17,6 9,17,54 15,17,54 23,17,4 0,18,6 23,18,4 0,19,6 20,19,1 21,19,2 22,19,2 23,19,31 0,20,6 5,20,13 20,20,4 21,20,53 22,20,53 23,20,53 0,21,6 5,21,14 6,21,42 7,21,42 8,21,42 9,21,42 10,21,42 11,21,42 12,21,42 13,21,42 14,21,42 15,21,42 16,21,42 17,21,42 18,21,42 19,21,42 20,21,7 21,21,8 22,21,8 23,21,8 0,22,6 1,22,50 2,22,52 3,22,10 4,22,11 5,22,21 6,22,11 7,22,11 8,22,11 9,22,11 10,22,11 11,22,11 12,22,11 13,22,11 14,22,11 15,22,11 16,22,11 17,22,11 18,22,11 19,22,11 20,22,11 21,22,11 22,22,11 23,22,12 0,23,6 23,23,1 0,24,6 1,24,52 23,24,4 0,25,6 9,25,54 23,25,4 0,26,6 1,26,52 23,26,4 0,27,6 23,27,4 0,28,6 3,28,13 4,28,42 5,28,42 6,28,42 7,28,42 8,28,42 9,28,13 12,28,13 13,28,42 14,28,42 15,28,42 16,28,42 17,28,42 18,28,13 23,28,4 0,29,6 3,29,14 4,29,10 5,29,11 6,29,11 7,29,11 8,29,12 9,29,14 12,29,14 13,29,10 14,29,11 15,29,11 16,29,11 17,29,12 18,29,14 22,29,50 23,29,4 0,30,6 3,30,14 9,30,14 12,30,14 18,30,14 23,30,4 0,31,6 3,31,14 9,31,15 12,31,15 18,31,14 19,31,52 23,31,4 0,32,6 3,32,14 18,32,14 23,32,4 0,33,6 3,33,15 18,33,15 22,33,50 23,33,4 0,34,6 23,34,4 0,35,6 10,35,42 11,35,42 23,35,4 0,36,6 3,36,10 4,36,11 5,36,11 6,36,11 7,36,11 8,36,11 9,36,11 10,36,11 11,36,11 12,36,11 13,36,11 14,36,11 15,36,11 16,36,11 17,36,11 18,36,11 19,36,11 20,36,11 21,36,11 22,36,11 23,36,4 0,37,6 23,37,4 0,38,6 1,38,51 2,38,52 23,38,4 0,39,6 23,39,4 0,40,6 23,40,4 0,41,6 1,41,51 2,41,52 8,41,54 18,41,54 23,41,4 0,42,6 23,42,4 0,43,6 3,43,42 4,43,42 5,43,42 6,43,42 7,43,42 8,43,42 9,43,42 10,43,42 11,43,42 12,43,42 13,43,42 14,43,42 15,43,42 16,43,42 17,43,42 23,43,4 0,44,6 1,44,51 2,44,52 3,44,10 4,44,11 5,44,11 6,44,11 7,44,11 8,44,11 9,44,11 10,44,11 11,44,11 12,44,11 13,44,11 14,44,11 15,44,11 16,44,11 17,44,11 18,44,12 21,44,50 22,44,51 23,44,4 0,45,6 23,45,4 0,46,6 23,46,4 0,47,29 1,47,2 2,47,2 3,47,2 4,47,2 5,47,2 6,47,2 7,47,2 8,47,2 9,47,2 10,47,2 11,47,2 12,47,2 13,47,2 14,47,2 15,47,2 16,47,2 17,47,2 18,47,2 19,47,2 20,47,2 21,47,2 22,47,2 23,47,31
[LOGICA]
0
[OBJETOS]
100,608,1472
101,369,96,0,0
1,448,1440
1,448,1472
1,224,1440
1,224,1472
2,296,1488,1
2,345,1488,1
2,393,1488,1
10,416,1312,3000,1000,0
2,424,1290,1
2,264,1289,1
2,263,1136,2
2,424,1136,2
2,712,810,1
2,488,776,1
2,200,776,1
2,345,832,4
1,288,512
1,480,512
2,296,488,2
2,488,488,2
2,616,489,4
2,168,104,1
2,583,105,1
2,713,104,1
2,713,168,1
2,712,233,1
3,202,1122,100,100
3,489,1122,-100,100
3,553,354,100,100
3,265,354,60,100
3,352,162,30,100
4,169,162,3000,100
4,585,162,3000,100
4,297,770,3000,100
5,335,737,4000,0,600
5,365,737,4000,0,600
5,653,736,4000,0,400
5,685,736,4000,0,400
5,590,224,4000,0,400
5,173,224,4000,0,400
5,366,224,8000,0,4000
5,398,224,8000,0,400
10,256,640,6000,6000,1
10,352,640,6000,6000,1
10,448,640,6000,6000,1
10,544,640,6000,6000,1
10,672,448,2000,2000,1
[/ESTRUCTURA]
