[ESTRUCTURA]
[INFO]
2,1
[META]
[/META]
[REJILLA]
24,18,32,32,8,8,0
[CELDAS]
0,0,1 1,0,1 2,0,1 3,0,1 4,0,1 5,0,1 6,0,1 7,0,1 9,0,1 23,0,1 0,1,1 9,1,1 23,1,1 0,2,1 9,2,1 23,2,1 0,3,1 7,3,1 9,3,1 23,3,1 0,4,1 7,4,1 9,4,1 12,4,1 13,4,1 14,4,1 23,4,1 0,5,1 2,5,2 5,5,2 7,5,1 9,5,1 19,5,2 20,5,2 23,5,1 0,6,1 7,6,1 9,6,1 23,6,1 0,7,1 21,7,2 22,7,2 23,7,1 0,8,1 23,8,1 0,9,1 7,9,1 8,9,1 12,9,2 23,9,1 0,10,1 1,10,3 3,10,2 6,10,3 7,10,1 8,10,1 9,10,2 15,10,1 22,10,1 23,10,1 0,11,1 1,11,3 6,11,3 7,11,1 8,11,3 23,11,1 0,12,1 1,12,3 6,12,3 7,12,1 8,12,3 23,12,1 0,13,1 1,13,3 6,13,3 7,13,1 8,13,1 9,13,1 23,13,1 0,14,1 1,14,3 6,14,3 7,14,1 12,14,1 23,14,1 0,15,1 1,15,3 3,15,2 4,15,2 6,15,3 7,15,1 23,15,1 0,16,1 1,16,1 2,16,3 3,16,3 4,16,3 5,16,3 6,16,1 7,16,1 8,16,3 9,16,3 10,16,3 11,16,3 12,16,3 13,16,3 14,16,3 15,16,1 16,16,3 17,16,3 18,16,3 19,16,3 20,16,1 23,16,1 0,17,1 1,17,1 2,17,1 3,17,1 4,17,1 5,17,1 6,17,1 7,17,1 8,17,1 9,17,1 10,17,1 11,17,1 12,17,1 13,17,1 14,17,1 15,17,1 16,17,1 17,17,1 18,17,1 19,17,1 20,17,1 21,17,1 22,17,1 23,17,1
[REJILLA]
24,18,32,32,8,8,1
[CELDAS]
0,0,23 1,0,8 2,0,8 3,0,8 4,0,8 5,0,8 6,0,8 7,0,9 9,0,14 23,0,4 0,1,6 9,1,14 23,1,4 0,2,6 9,2,14 23,2,4 0,3,6 7,3,13 9,3,14 23,3,4 0,4,6 7,4,14 9,4,14 12,4,10 13,4,11 14,4,12 23,4,4 0,5,6 2,5,54 5,5,54 7,5,14 9,5,14 19,5,50 20,5,52 23,5,4 0,6,6 7,6,15 9,6,15 23,6,4 0,7,6 21,7,50 22,7,52 23,7,4 0,8,6 23,8,4 0,9,6 7,9,1 8,9,3 12,9,54 23,9,4 0,10,6 1,10,47 3,10,54 6,10,49 7,10,7 8,10,9 9,10,52 15,10,16 22,10,16 23,10,4 0,11,6 1,11,47 6,11,49 7,11,13 8,11,47 23,11,4 0,12,6 1,12,47 6,12,49 7,12,14 8,12,47 23,12,4 0,13,6 1,13,47 6,13,49 7,13,14 8,13,10 9,13,12 23,13,4 0,14,6 1,14,47 6,14,49 7,14,14 12,14,16 23,14,4 0,15,6 1,15,47 3,15,50 4,15,52 6,15,49 7,15,15 23,15,4 0,16,29 1,16,3 2,16,42 3,16,42 4,16,42 5,16,42 6,16,1 7,16,3 8,16,42 9,16,42 10,16,42 11,16,42 12,16,42 13,16,42 14,16,42 15,16,13 16,16,42 17,16,42 18,16,42 19,16,42 20,16,13 23,16,4 0,17,53 1,17,29 2,17,2 3,17,2 4,17,2 5,17,2 6,17,31 7,17,29 8,17,2 9,17,2 10,17,2 11,17,2 12,17,2 13,17,2 14,17,2 15,17,30 16,17,2 17,17,2 18,17,2 19,17,2 20,17,30 21,17,2 22,17,2 23,17,31
[LOGICA]
0
[OBJETOS]
100,672,512
101,416,96,0,0
2,392,432,1
10,128,384,6000,1000,0
10,593,288,2000,2000,1
10,64,224,2000,2000,0
2,73,72,3
2,264,104,1
2,264,135,1
2,264,168,4
1,224,64
1,224,32
2,520,103,1
2,680,104,1
2,88,361,2
2,137,360,2
2,88,457,2
2,153,456,2
4,499,290,4000,50
4,704,290,5000,20
5,32,142,5000,90,300
5,218,205,5000,270,300
[/ESTRUCTURA]
