[ESTRUCTURA]
[INFO]
2,1
[META]
[/META]
[REJILLA]
14,28,32,32,8,8,0
[CELDAS]
0,0,1 13,0,1 0,1,1 13,1,1 0,2,1 13,2,1 0,3,1 13,3,1 0,4,1 6,4,1 7,4,1 13,4,1 0,5,1 6,5,1 7,5,1 13,5,1 0,6,1 6,6,1 7,6,1 13,6,1 0,7,1 6,7,1 7,7,1 13,7,1 0,8,1 6,8,1 7,8,1 13,8,1 0,9,1 6,9,1 7,9,1 13,9,1 0,10,1 5,10,1 6,10,1 7,10,1 8,10,1 13,10,1 0,11,1 4,11,1 5,11,1 6,11,1 7,11,1 8,11,1 9,11,1 13,11,1 0,12,1 3,12,1 4,12,1 5,12,1 6,12,1 7,12,1 8,12,1 9,12,1 10,12,1 13,12,1 0,13,1 13,13,1 0,14,1 13,14,1 0,15,1 2,15,2 11,15,2 13,15,1 0,16,1 13,16,1 0,17,1 1,17,4 6,17,4 12,17,4 13,17,1 0,18,1 2,18,2 3,18,2 4,18,2 5,18,2 6,18,2 7,18,2 8,18,2 9,18,2 10,18,2 11,18,2 13,18,1 0,19,1 13,19,1 0,20,1 13,20,1 0,21,1 13,21,1 0,22,1 13,22,1 0,23,1 1,23,4 9,23,4 13,23,1 0,24,1 2,24,2 3,24,2 4,24,2 5,24,2 6,24,2 7,24,2 8,24,2 13,24,1 0,25,1 11,25,2 13,25,1 0,26,1 1,26,3 2,26,3 3,26,3 4,26,3 5,26,3 6,26,3 7,26,3 8,26,3 9,26,3 10,26,3 11,26,3 12,26,3 13,26,1 0,27,1 1,27,1 2,27,1 3,27,1 4,27,1 5,27,1 6,27,1 7,27,1 8,27,1 9,27,1 10,27,1 11,27,1 12,27,1 13,27,1
[REJILLA]
14,28,32,32,8,8,1
[CELDAS]
0,0,6 13,0,4 0,1,6 13,1,4 0,2,6 13,2,4 0,3,6 13,3,4 0,4,6 6,4,1 7,4,3 13,4,4 0,5,6 6,5,4 7,5,6 13,5,4 0,6,6 6,6,4 7,6,6 13,6,4 0,7,6 6,7,4 7,7,6 13,7,4 0,8,6 6,8,4 7,8,6 13,8,4 0,9,6 6,9,4 7,9,6 13,9,4 0,10,6 5,10,1 6,10,31 7,10,29 8,10,3 13,10,4 0,11,6 4,11,1 5,11,31 6,11,53 7,11,53 8,11,29 9,11,3 13,11,4 0,12,6 3,12,10 4,12,46 5,12,8 6,12,8 7,12,8 8,12,8 9,12,45 10,12,12 13,12,4 0,13,6 13,13,4 0,14,6 13,14,4 0,15,6 2,15,54 11,15,54 13,15,4 0,16,6 13,16,4 0,17,6 13,17,4 0,18,6 2,18,50 3,18,51 4,18,51 5,18,51 6,18,51 7,18,51 8,18,51 9,18,51 10,18,51 11,18,52 13,18,4 0,19,6 13,19,4 0,20,6 13,20,4 0,21,6 13,21,4 0,22,6 13,22,4 0,23,6 13,23,4 0,24,6 2,24,50 3,24,51 4,24,51 5,24,51 6,24,51 7,24,51 8,24,52 13,24,4 0,25,6 11,25,54 13,25,4 0,26,6 1,26,42 2,26,42 3,26,42 4,26,42 5,26,42 6,26,42 7,26,42 8,26,42 9,26,42 10,26,42 11,26,42 12,26,42 13,26,4 0,27,29 1,27,2 2,27,2 3,27,2 4,27,2 5,27,2 6,27,2 7,27,2 8,27,2 9,27,2 10,27,2 11,27,2 12,27,2 13,27,31
[LOGICA]
0
[OBJETOS]
100,352,768
101,160,288,8,0
101,256,288,7,0
10,160,672,2000,2000,1
3,169,738,80,100
3,178,546,-80,100
3,225,546,80,100
4,297,322,3000,100
4,137,322,3000,100
2,296,265,2
2,392,489,1
2,40,489,1
2,40,713,1
[/ESTRUCTURA]
